  1.00000000e+00   0.00000000e+00   0.00000000e+00
  2.00000000e+00   1.00000000e-02   5.11319075e+01
  3.00000000e+00   2.00000000e-02   1.02251131e+02
  4.00000000e+00   3.00000000e-02   1.53357637e+02
  5.00000000e+00   4.00000000e-02   2.04451396e+02
  6.00000000e+00   5.00000000e-02   2.55532374e+02
  7.00000000e+00   6.00000000e-02   3.06600542e+02
  8.00000000e+00   7.00000000e-02   3.57655869e+02
  9.00000000e+00   8.00000000e-02   4.08698325e+02
  1.00000000e+01   9.00000000e-02   4.59727880e+02
  1.10000000e+01   1.00000000e-01   5.10744506e+02
  1.20000000e+01   1.10000000e-01   5.61748173e+02
  1.30000000e+01   1.20000000e-01   6.12738855e+02
  1.40000000e+01   1.30000000e-01   6.63716523e+02
  1.50000000e+01   1.40000000e-01   7.14681149e+02
  1.60000000e+01   1.50000000e-01   7.65632707e+02
  1.70000000e+01   1.60000000e-01   8.16571171e+02
  1.80000000e+01   1.70000000e-01   8.67496515e+02
  1.90000000e+01   1.80000000e-01   9.18408712e+02
  2.00000000e+01   1.90000000e-01   9.69307738e+02
  2.10000000e+01   2.00000000e-01   1.02019357e+03
  2.20000000e+01   2.10000000e-01   1.07106618e+03
  2.30000000e+01   2.20000000e-01   1.12192554e+03
  2.40000000e+01   2.30000000e-01   1.17277164e+03
  2.50000000e+01   2.40000000e-01   1.22360444e+03
  2.60000000e+01   2.50000000e-01   1.27442393e+03
  2.70000000e+01   2.60000000e-01   1.32523009e+03
  2.80000000e+01   2.70000000e-01   1.37602288e+03
  2.90000000e+01   2.80000000e-01   1.42680229e+03
  3.00000000e+01   2.90000000e-01   1.47756830e+03
  3.10000000e+01   3.00000000e-01   1.52832089e+03
  3.20000000e+01   3.10000000e-01   1.57906003e+03
  3.30000000e+01   3.20000000e-01   1.62978571e+03
  3.40000000e+01   3.30000000e-01   1.68049790e+03
  3.50000000e+01   3.40000000e-01   1.73119659e+03
  3.60000000e+01   3.50000000e-01   1.78188175e+03
  3.70000000e+01   3.60000000e-01   1.83255337e+03
  3.80000000e+01   3.70000000e-01   1.88321142e+03
  3.90000000e+01   3.80000000e-01   1.93385590e+03
  4.00000000e+01   3.90000000e-01   1.98448677e+03
  4.10000000e+01   4.00000000e-01   2.03510403e+03
  4.20000000e+01   4.10000000e-01   2.08570766e+03
  4.30000000e+01   4.20000000e-01   2.13629763e+03
  4.40000000e+01   4.30000000e-01   2.18687393e+03
  4.50000000e+01   4.40000000e-01   2.23743655e+03
  4.60000000e+01   4.50000000e-01   2.28798546e+03
  4.70000000e+01   4.60000000e-01   2.33852066e+03
  4.80000000e+01   4.70000000e-01   2.38904212e+03
  4.90000000e+01   4.80000000e-01   2.43954983e+03
  5.00000000e+01   4.90000000e-01   2.49004378e+03
  5.10000000e+01   5.00000000e-01   2.54052394e+03
  5.20000000e+01   5.10000000e-01   2.59099031e+03
  5.30000000e+01   5.20000000e-01   2.64144287e+03
  5.40000000e+01   5.30000000e-01   2.69188161e+03
  5.50000000e+01   5.40000000e-01   2.74230650e+03
  5.60000000e+01   5.50000000e-01   2.79271755e+03
  5.70000000e+01   5.60000000e-01   2.84311473e+03
  5.80000000e+01   5.70000000e-01   2.89349803e+03
  5.90000000e+01   5.80000000e-01   2.94386744e+03
  6.00000000e+01   5.90000000e-01   2.99422294e+03
  6.10000000e+01   6.00000000e-01   3.04456453e+03
  6.20000000e+01   6.10000000e-01   3.09489218e+03
  6.30000000e+01   6.20000000e-01   3.14520590e+03
  6.40000000e+01   6.30000000e-01   3.19550566e+03
  6.50000000e+01   6.40000000e-01   3.24579145e+03
  6.60000000e+01   6.50000000e-01   3.29606327e+03
  6.70000000e+01   6.60000000e-01   3.34632110e+03
  6.80000000e+01   6.70000000e-01   3.39656493e+03
  6.90000000e+01   6.80000000e-01   3.44679475e+03
  7.00000000e+01   6.90000000e-01   3.49701054e+03
  7.10000000e+01   7.00000000e-01   3.54721231e+03
  7.20000000e+01   7.10000000e-01   3.59740004e+03
  7.30000000e+01   7.20000000e-01   3.64757371e+03
  7.40000000e+01   7.30000000e-01   3.69773332e+03
  7.50000000e+01   7.40000000e-01   3.74787887e+03
  7.60000000e+01   7.50000000e-01   3.79801033e+03
  7.70000000e+01   7.60000000e-01   3.84812770e+03
  7.80000000e+01   7.70000000e-01   3.89823097e+03
  7.90000000e+01   7.80000000e-01   3.94832014e+03
  8.00000000e+01   7.90000000e-01   3.99839519e+03
  8.10000000e+01   8.00000000e-01   4.04845612e+03
  8.20000000e+01   8.10000000e-01   4.09850291e+03
  8.30000000e+01   8.20000000e-01   4.14853557e+03
  8.40000000e+01   8.30000000e-01   4.19855407e+03
  8.50000000e+01   8.40000000e-01   4.24855842e+03
  8.60000000e+01   8.50000000e-01   4.29854860e+03
  8.70000000e+01   8.60000000e-01   4.34852462e+03
  8.80000000e+01   8.70000000e-01   4.39848645e+03
  8.90000000e+01   8.80000000e-01   4.44843410e+03
  9.00000000e+01   8.90000000e-01   4.49836756e+03
  9.10000000e+01   9.00000000e-01   4.54828682e+03
  9.20000000e+01   9.10000000e-01   4.59819187e+03
  9.30000000e+01   9.20000000e-01   4.64808271e+03
  9.40000000e+01   9.30000000e-01   4.69795933e+03
  9.50000000e+01   9.40000000e-01   4.74782173e+03
  9.60000000e+01   9.50000000e-01   4.79766990e+03
  9.70000000e+01   9.60000000e-01   4.84750383e+03
  9.80000000e+01   9.70000000e-01   4.89732352e+03
  9.90000000e+01   9.80000000e-01   4.94712896e+03
  1.00000000e+02   9.90000000e-01   4.99692015e+03
  1.01000000e+02   1.00000000e+00   5.04669708e+03
  1.02000000e+02   1.01000000e+00   5.09645975e+03
  1.03000000e+02   1.02000000e+00   5.14620815e+03
  1.04000000e+02   1.03000000e+00   5.19594228e+03
  1.05000000e+02   1.04000000e+00   5.24566213e+03
  1.06000000e+02   1.05000000e+00   5.29536770e+03
  1.07000000e+02   1.06000000e+00   5.34505899e+03
  1.08000000e+02   1.07000000e+00   5.39473598e+03
  1.09000000e+02   1.08000000e+00   5.44439868e+03
  1.10000000e+02   1.09000000e+00   5.49404709e+03
  1.11000000e+02   1.10000000e+00   5.54368119e+03
  1.12000000e+02   1.11000000e+00   5.59330098e+03
  1.13000000e+02   1.12000000e+00   5.64290647e+03
  1.14000000e+02   1.13000000e+00   5.69249764e+03
  1.15000000e+02   1.14000000e+00   5.74207450e+03
  1.16000000e+02   1.15000000e+00   5.79163704e+03
  1.17000000e+02   1.16000000e+00   5.84118525e+03
  1.18000000e+02   1.17000000e+00   5.89071915e+03
  1.19000000e+02   1.18000000e+00   5.94023871e+03
  1.20000000e+02   1.19000000e+00   5.98974394e+03
  1.21000000e+02   1.20000000e+00   6.03923484e+03
  1.22000000e+02   1.21000000e+00   6.08871141e+03
  1.23000000e+02   1.22000000e+00   6.13817364e+03
  1.24000000e+02   1.23000000e+00   6.18762152e+03
  1.25000000e+02   1.24000000e+00   6.23705507e+03
  1.26000000e+02   1.25000000e+00   6.28647427e+03
  1.27000000e+02   1.26000000e+00   6.33587912e+03
  1.28000000e+02   1.27000000e+00   6.38526963e+03
  1.29000000e+02   1.28000000e+00   6.43464578e+03
  1.30000000e+02   1.29000000e+00   6.48400759e+03
  1.31000000e+02   1.30000000e+00   6.53335504e+03
  1.32000000e+02   1.31000000e+00   6.58268814e+03
  1.33000000e+02   1.32000000e+00   6.63200688e+03
  1.34000000e+02   1.33000000e+00   6.68131126e+03
  1.35000000e+02   1.34000000e+00   6.73060129e+03
  1.36000000e+02   1.35000000e+00   6.77987696e+03
  1.37000000e+02   1.36000000e+00   6.82913827e+03
  1.38000000e+02   1.37000000e+00   6.87838521e+03
  1.39000000e+02   1.38000000e+00   6.92761780e+03
  1.40000000e+02   1.39000000e+00   6.97683603e+03
  1.41000000e+02   1.40000000e+00   7.02603989e+03
  1.42000000e+02   1.41000000e+00   7.07522939e+03
  1.43000000e+02   1.42000000e+00   7.12440452e+03
  1.44000000e+02   1.43000000e+00   7.17356530e+03
  1.45000000e+02   1.44000000e+00   7.22271171e+03
  1.46000000e+02   1.45000000e+00   7.27184375e+03
  1.47000000e+02   1.46000000e+00   7.32096144e+03
  1.48000000e+02   1.47000000e+00   7.37006476e+03
  1.49000000e+02   1.48000000e+00   7.41915371e+03
  1.50000000e+02   1.49000000e+00   7.46822830e+03
  1.51000000e+02   1.50000000e+00   7.51728853e+03
  1.52000000e+02   1.51000000e+00   7.56633440e+03
  1.53000000e+02   1.52000000e+00   7.61536591e+03
  1.54000000e+02   1.53000000e+00   7.66438305e+03
  1.55000000e+02   1.54000000e+00   7.71338584e+03
  1.56000000e+02   1.55000000e+00   7.76237426e+03
  1.57000000e+02   1.56000000e+00   7.81134833e+03
  1.58000000e+02   1.57000000e+00   7.86030804e+03
  1.59000000e+02   1.58000000e+00   7.90925339e+03
  1.60000000e+02   1.59000000e+00   7.95818439e+03
  1.61000000e+02   1.60000000e+00   8.00710103e+03
  1.62000000e+02   1.61000000e+00   8.05600331e+03
  1.63000000e+02   1.62000000e+00   8.10489125e+03
  1.64000000e+02   1.63000000e+00   8.15376483e+03
  1.65000000e+02   1.64000000e+00   8.20262407e+03
  1.66000000e+02   1.65000000e+00   8.25146896e+03
  1.67000000e+02   1.66000000e+00   8.30029950e+03
  1.68000000e+02   1.67000000e+00   8.34911570e+03
  1.69000000e+02   1.68000000e+00   8.39791755e+03
  1.70000000e+02   1.69000000e+00   8.44670506e+03
  1.71000000e+02   1.70000000e+00   8.49547823e+03
  1.72000000e+02   1.71000000e+00   8.54423707e+03
  1.73000000e+02   1.72000000e+00   8.59298157e+03
  1.74000000e+02   1.73000000e+00   8.64171174e+03
  1.75000000e+02   1.74000000e+00   8.69042757e+03
  1.76000000e+02   1.75000000e+00   8.73912908e+03
  1.77000000e+02   1.76000000e+00   8.78781626e+03
  1.78000000e+02   1.77000000e+00   8.83648912e+03
  1.79000000e+02   1.78000000e+00   8.88514765e+03
  1.80000000e+02   1.79000000e+00   8.93379186e+03
  1.81000000e+02   1.80000000e+00   8.98242176e+03
  1.82000000e+02   1.81000000e+00   9.03103734e+03
  1.83000000e+02   1.82000000e+00   9.07963861e+03
  1.84000000e+02   1.83000000e+00   9.12822557e+03
  1.85000000e+02   1.84000000e+00   9.17679822e+03
  1.86000000e+02   1.85000000e+00   9.22535657e+03
  1.87000000e+02   1.86000000e+00   9.27390062e+03
  1.88000000e+02   1.87000000e+00   9.32243037e+03
  1.89000000e+02   1.88000000e+00   9.37094583e+03
  1.90000000e+02   1.89000000e+00   9.41944699e+03
  1.91000000e+02   1.90000000e+00   9.46793386e+03
  1.92000000e+02   1.91000000e+00   9.51640645e+03
  1.93000000e+02   1.92000000e+00   9.56486475e+03
  1.94000000e+02   1.93000000e+00   9.61330878e+03
  1.95000000e+02   1.94000000e+00   9.66173853e+03
  1.96000000e+02   1.95000000e+00   9.71015400e+03
  1.97000000e+02   1.96000000e+00   9.75855520e+03
  1.98000000e+02   1.97000000e+00   4.33511329e-12
