  1.00000000e+00   0.00000000e+00   0.00000000e+00
  2.00000000e+00   1.00000000e-01   1.49344976e+03
  3.00000000e+00   2.00000000e-01   2.99337258e+03
  4.00000000e+00   3.00000000e-01   4.49646743e+03
  5.00000000e+00   4.00000000e-01   6.00282588e+03
  6.00000000e+00   5.00000000e-01   7.51254052e+03
  7.00000000e+00   6.00000000e-01   9.02570499e+03
  8.00000000e+00   7.00000000e-01   1.05424140e+04
  9.00000000e+00   8.00000000e-01   1.20627633e+04
  1.00000000e+01   9.00000000e-01   1.35868499e+04
  1.10000000e+01   1.00000000e+00   1.51147718e+04
  1.20000000e+01   1.10000000e+00   1.66466282e+04
  1.30000000e+01   1.20000000e+00   1.81825195e+04
  1.40000000e+01   1.30000000e+00   1.97225473e+04
  1.50000000e+01   1.40000000e+00   2.12668144e+04
  1.60000000e+01   1.50000000e+00   2.28154250e+04
  1.70000000e+01   1.60000000e+00   2.43684843e+04
  1.80000000e+01   1.70000000e+00   2.59260992e+04
  1.90000000e+01   1.80000000e+00   2.74883774e+04
  2.00000000e+01   1.90000000e+00   2.90554285e+04
  2.10000000e+01   2.00000000e+00   3.06273632e+04
  2.20000000e+01   2.10000000e+00   3.22042936e+04
  2.30000000e+01   2.20000000e+00   3.37863334e+04
  2.40000000e+01   2.30000000e+00   3.53735975e+04
  2.50000000e+01   2.40000000e+00   3.69662026e+04
  2.60000000e+01   2.50000000e+00   3.85642667e+04
  2.70000000e+01   2.60000000e+00   4.01679095e+04
  2.80000000e+01   2.70000000e+00   4.17772521e+04
  2.90000000e+01   2.80000000e+00   4.33924175e+04
  3.00000000e+01   2.90000000e+00   4.50135300e+04
  3.10000000e+01   3.00000000e+00   4.66407159e+04
  3.20000000e+01   3.10000000e+00   4.82741029e+04
  3.30000000e+01   3.20000000e+00   4.99138207e+04
  3.40000000e+01   3.30000000e+00   5.15600007e+04
  3.50000000e+01   3.40000000e+00   5.32127760e+04
  3.60000000e+01   3.50000000e+00   5.48722817e+04
  3.70000000e+01   3.60000000e+00   5.65386546e+04
  3.80000000e+01   3.70000000e+00   5.82120335e+04
  3.90000000e+01   3.80000000e+00   5.98925593e+04
  4.00000000e+01   3.90000000e+00   6.15803746e+04
  4.10000000e+01   4.00000000e+00   6.32756243e+04
  4.20000000e+01   4.10000000e+00   6.49784551e+04
  4.30000000e+01   4.20000000e+00   6.66890160e+04
  4.40000000e+01   4.30000000e+00   6.84074580e+04
  4.50000000e+01   4.40000000e+00   7.01339344e+04
  4.60000000e+01   4.50000000e+00   7.18686006e+04
  4.70000000e+01   4.60000000e+00   7.36116145e+04
  4.80000000e+01   4.70000000e+00   7.53631360e+04
  4.90000000e+01   4.80000000e+00   7.71233275e+04
  5.00000000e+01   4.90000000e+00   7.88923538e+04
  5.10000000e+01   5.00000000e+00   8.06703821e+04
  5.20000000e+01   5.10000000e+00   8.24575822e+04
  5.30000000e+01   5.20000000e+00   8.42541263e+04
  5.40000000e+01   5.30000000e+00   8.60601892e+04
  5.50000000e+01   5.40000000e+00   8.78759484e+04
  5.60000000e+01   5.50000000e+00   8.97015840e+04
  5.70000000e+01   5.60000000e+00   9.15372789e+04
  5.80000000e+01   5.70000000e+00   9.33832187e+04
  5.90000000e+01   5.80000000e+00   9.52395920e+04
  6.00000000e+01   5.90000000e+00   9.71065900e+04
  6.10000000e+01   6.00000000e+00   9.89844072e+04
  6.20000000e+01   6.10000000e+00   1.00873241e+05
  6.30000000e+01   6.20000000e+00   1.02773291e+05
  6.40000000e+01   6.30000000e+00   1.04684762e+05
  6.50000000e+01   6.40000000e+00   1.06607860e+05
  6.60000000e+01   6.50000000e+00   1.08542795e+05
  6.70000000e+01   6.60000000e+00   1.10489780e+05
  6.80000000e+01   6.70000000e+00   1.12449031e+05
  6.90000000e+01   6.80000000e+00   1.14420770e+05
  7.00000000e+01   6.90000000e+00   1.16405218e+05
  7.10000000e+01   7.00000000e+00   1.18402604e+05
  7.20000000e+01   7.10000000e+00   1.20413157e+05
  7.30000000e+01   7.20000000e+00   1.22437113e+05
  7.40000000e+01   7.30000000e+00   1.24474709e+05
  7.50000000e+01   7.40000000e+00   1.26526188e+05
  7.60000000e+01   7.50000000e+00   1.28591795e+05
  7.70000000e+01   7.60000000e+00   1.30671780e+05
  7.80000000e+01   7.70000000e+00   1.32766397e+05
  7.90000000e+01   7.80000000e+00   1.34875904e+05
  8.00000000e+01   7.90000000e+00   1.37000564e+05
  8.10000000e+01   8.00000000e+00   1.39140643e+05
  8.20000000e+01   8.10000000e+00   1.41296412e+05
  8.30000000e+01   8.20000000e+00   1.43468147e+05
  8.40000000e+01   8.30000000e+00   1.45656127e+05
  8.50000000e+01   8.40000000e+00   1.47860638e+05
  8.60000000e+01   8.50000000e+00   1.50081969e+05
  8.70000000e+01   8.60000000e+00   1.52320414e+05
  8.80000000e+01   8.70000000e+00   1.54576272e+05
  8.90000000e+01   8.80000000e+00   1.56849848e+05
  9.00000000e+01   8.90000000e+00   1.59141451e+05
  9.10000000e+01   9.00000000e+00   1.61451396e+05
  9.20000000e+01   9.10000000e+00   1.63780003e+05
  9.30000000e+01   9.20000000e+00   1.66127596e+05
  9.40000000e+01   9.30000000e+00   1.68494507e+05
  9.50000000e+01   9.40000000e+00   1.70881073e+05
  9.60000000e+01   9.50000000e+00   1.73287636e+05
  9.70000000e+01   9.60000000e+00   1.75714544e+05
  9.80000000e+01   9.70000000e+00   1.78162151e+05
  9.90000000e+01   9.80000000e+00   1.80630818e+05
  1.00000000e+02   9.90000000e+00   1.83120911e+05
  1.01000000e+02   1.00000000e+01   1.85632803e+05
  1.02000000e+02   1.01000000e+01   1.88166874e+05
  1.03000000e+02   1.02000000e+01   1.90723510e+05
  1.04000000e+02   1.03000000e+01   1.93303103e+05
  1.05000000e+02   1.04000000e+01   1.95906054e+05
  1.06000000e+02   1.05000000e+01   1.98532768e+05
  1.07000000e+02   1.06000000e+01   2.01183661e+05
  1.08000000e+02   1.07000000e+01   2.03859153e+05
  1.09000000e+02   1.08000000e+01   2.06559672e+05
  1.10000000e+02   1.09000000e+01   2.09285656e+05
  1.11000000e+02   1.10000000e+01   2.12037548e+05
  1.12000000e+02   1.11000000e+01   2.14815800e+05
  1.13000000e+02   1.12000000e+01   2.17620872e+05
  1.14000000e+02   1.13000000e+01   2.20453233e+05
  1.15000000e+02   1.14000000e+01   2.23313360e+05
  1.16000000e+02   1.15000000e+01   2.26201737e+05
  1.17000000e+02   1.16000000e+01   2.29118860e+05
  1.18000000e+02   1.17000000e+01   2.32065231e+05
  1.19000000e+02   1.18000000e+01   2.35041361e+05
  1.20000000e+02   1.19000000e+01   2.38047774e+05
  1.21000000e+02   1.20000000e+01   2.41085000e+05
  1.22000000e+02   1.21000000e+01   2.44153580e+05
  1.23000000e+02   1.22000000e+01   2.47254064e+05
  1.24000000e+02   1.23000000e+01   2.50387013e+05
  1.25000000e+02   1.24000000e+01   2.53552999e+05
  1.26000000e+02   1.25000000e+01   2.56752603e+05
  1.27000000e+02   1.26000000e+01   2.59986418e+05
  1.28000000e+02   1.27000000e+01   2.63255048e+05
  1.29000000e+02   1.28000000e+01   2.66559106e+05
  1.30000000e+02   1.29000000e+01   2.69899219e+05
  1.31000000e+02   1.30000000e+01   2.73276025e+05
  1.32000000e+02   1.31000000e+01   2.76690174e+05
  1.33000000e+02   1.32000000e+01   2.80142328e+05
  1.34000000e+02   1.33000000e+01   2.83633161e+05
  1.35000000e+02   1.34000000e+01   2.87163360e+05
  1.36000000e+02   1.35000000e+01   2.90733627e+05
  1.37000000e+02   1.36000000e+01   2.94344673e+05
  1.38000000e+02   1.37000000e+01   0.00000000e+00
  1.39000000e+02   1.38000000e+01   0.00000000e+00
  1.40000000e+02   1.39000000e+01   0.00000000e+00
  1.41000000e+02   1.40000000e+01   0.00000000e+00
  1.42000000e+02   1.41000000e+01   0.00000000e+00
  1.43000000e+02   1.42000000e+01   0.00000000e+00
  1.44000000e+02   1.43000000e+01   0.00000000e+00
  1.45000000e+02   1.44000000e+01   0.00000000e+00
  1.46000000e+02   1.45000000e+01   0.00000000e+00
  1.47000000e+02   1.46000000e+01   0.00000000e+00
  1.48000000e+02   1.47000000e+01   0.00000000e+00
  1.49000000e+02   1.48000000e+01   0.00000000e+00
  1.50000000e+02   1.49000000e+01   0.00000000e+00
  1.51000000e+02   1.50000000e+01   0.00000000e+00
  1.52000000e+02   1.51000000e+01   0.00000000e+00
  1.53000000e+02   1.52000000e+01   0.00000000e+00
