  1.00000000e+00   0.00000000e+00   0.00000000e+00
  2.00000000e+00   2.00000000e-02   5.31718624e+01
  3.00000000e+00   4.00000000e-02   1.06211963e+02
  4.00000000e+00   6.00000000e-02   1.59117272e+02
  5.00000000e+00   8.00000000e-02   2.11888561e+02
  6.00000000e+00   1.00000000e-01   2.64526599e+02
  7.00000000e+00   1.20000000e-01   3.17032146e+02
  8.00000000e+00   1.40000000e-01   3.69405956e+02
  9.00000000e+00   1.60000000e-01   4.21648782e+02
  1.00000000e+01   1.80000000e-01   4.73761366e+02
  1.10000000e+01   2.00000000e-01   5.25744447e+02
  1.20000000e+01   2.20000000e-01   5.77598760e+02
  1.30000000e+01   2.40000000e-01   6.29325033e+02
  1.40000000e+01   2.60000000e-01   6.80923988e+02
  1.50000000e+01   2.80000000e-01   7.32396344e+02
  1.60000000e+01   3.00000000e-01   7.83742812e+02
  1.70000000e+01   3.20000000e-01   8.34964101e+02
  1.80000000e+01   3.40000000e-01   8.86060913e+02
  1.90000000e+01   3.60000000e-01   9.37033944e+02
  2.00000000e+01   3.80000000e-01   9.87883888e+02
  2.10000000e+01   4.00000000e-01   1.03861143e+03
  2.20000000e+01   4.20000000e-01   1.08921726e+03
  2.30000000e+01   4.40000000e-01   1.13970204e+03
  2.40000000e+01   4.60000000e-01   1.19006645e+03
  2.50000000e+01   4.80000000e-01   1.24031117e+03
  2.60000000e+01   5.00000000e-01   1.29043685e+03
  2.70000000e+01   5.20000000e-01   1.34044415e+03
  2.80000000e+01   5.40000000e-01   1.39033372e+03
  2.90000000e+01   5.60000000e-01   1.44010622e+03
  3.00000000e+01   5.80000000e-01   1.48976228e+03
  3.10000000e+01   6.00000000e-01   1.53930255e+03
  3.20000000e+01   6.20000000e-01   1.58872767e+03
  3.30000000e+01   6.40000000e-01   1.63803826e+03
  3.40000000e+01   6.60000000e-01   1.68723495e+03
  3.50000000e+01   6.80000000e-01   1.73631837e+03
  3.60000000e+01   7.00000000e-01   1.78528912e+03
  3.70000000e+01   7.20000000e-01   1.83414783e+03
  3.80000000e+01   7.40000000e-01   1.88289510e+03
  3.90000000e+01   7.60000000e-01   1.93153154e+03
  4.00000000e+01   7.80000000e-01   1.98005775e+03
  4.10000000e+01   8.00000000e-01   2.02847432e+03
  4.20000000e+01   8.20000000e-01   2.07678185e+03
  4.30000000e+01   8.40000000e-01   2.12498092e+03
  4.40000000e+01   8.60000000e-01   2.17307213e+03
  4.50000000e+01   8.80000000e-01   2.22105604e+03
  4.60000000e+01   9.00000000e-01   2.26893324e+03
  4.70000000e+01   9.20000000e-01   2.31670430e+03
  4.80000000e+01   9.40000000e-01   2.36436978e+03
  4.90000000e+01   9.60000000e-01   2.41193025e+03
  5.00000000e+01   9.80000000e-01   2.45938628e+03
  5.10000000e+01   1.00000000e+00   2.50673841e+03
  5.20000000e+01   1.02000000e+00   2.55398720e+03
  5.30000000e+01   1.04000000e+00   2.60113320e+03
  5.40000000e+01   1.06000000e+00   2.64817696e+03
  5.50000000e+01   1.08000000e+00   2.69511901e+03
  5.60000000e+01   1.10000000e+00   2.74195989e+03
  5.70000000e+01   1.12000000e+00   2.78870014e+03
  5.80000000e+01   1.14000000e+00   2.83534029e+03
  5.90000000e+01   1.16000000e+00   2.88188087e+03
  6.00000000e+01   1.18000000e+00   2.92832239e+03
  6.10000000e+01   1.20000000e+00   2.97466538e+03
  6.20000000e+01   1.22000000e+00   3.02091036e+03
  6.30000000e+01   1.24000000e+00   3.06705784e+03
  6.40000000e+01   1.26000000e+00   3.11310832e+03
  6.50000000e+01   1.28000000e+00   3.15906232e+03
  6.60000000e+01   1.30000000e+00   3.20492034e+03
  6.70000000e+01   1.32000000e+00   3.25068287e+03
  6.80000000e+01   1.34000000e+00   3.29635041e+03
  6.90000000e+01   1.36000000e+00   3.34192345e+03
  7.00000000e+01   1.38000000e+00   3.38740249e+03
  7.10000000e+01   1.40000000e+00   3.43278801e+03
  7.20000000e+01   1.42000000e+00   3.47808050e+03
  7.30000000e+01   1.44000000e+00   3.52328042e+03
  7.40000000e+01   1.46000000e+00   3.56838827e+03
  7.50000000e+01   1.48000000e+00   3.61340451e+03
  7.60000000e+01   1.50000000e+00   3.65832961e+03
  7.70000000e+01   1.52000000e+00   3.70316404e+03
  7.80000000e+01   1.54000000e+00   3.74790826e+03
  7.90000000e+01   1.56000000e+00   3.79256275e+03
  8.00000000e+01   1.58000000e+00   3.83712794e+03
  8.10000000e+01   1.60000000e+00   3.88160430e+03
  8.20000000e+01   1.62000000e+00   3.92599229e+03
  8.30000000e+01   1.64000000e+00   3.97029234e+03
  8.40000000e+01   1.66000000e+00   4.01450491e+03
  8.50000000e+01   1.68000000e+00   4.05863044e+03
  8.60000000e+01   1.70000000e+00   4.10266937e+03
  8.70000000e+01   1.72000000e+00   4.14662213e+03
  8.80000000e+01   1.74000000e+00   4.19048917e+03
  8.90000000e+01   1.76000000e+00   4.23427092e+03
  9.00000000e+01   1.78000000e+00   4.27796779e+03
  9.10000000e+01   1.80000000e+00   4.32158023e+03
  9.20000000e+01   1.82000000e+00   4.36510864e+03
  9.30000000e+01   1.84000000e+00   4.40855347e+03
  9.40000000e+01   1.86000000e+00   4.45191511e+03
  9.50000000e+01   1.88000000e+00   4.49519399e+03
  9.60000000e+01   1.90000000e+00   4.53839053e+03
  9.70000000e+01   1.92000000e+00   4.58150512e+03
  9.80000000e+01   1.94000000e+00   4.62453818e+03
  9.90000000e+01   1.96000000e+00   4.66749012e+03
  1.00000000e+02   1.98000000e+00   4.71036133e+03
  1.01000000e+02   2.00000000e+00   4.75315222e+03
  1.02000000e+02   2.02000000e+00   4.79586318e+03
  1.03000000e+02   2.04000000e+00   4.83849460e+03
  1.04000000e+02   2.06000000e+00   4.88104689e+03
  1.05000000e+02   2.08000000e+00   4.92352043e+03
  1.06000000e+02   2.10000000e+00   4.96591560e+03
  1.07000000e+02   2.12000000e+00   5.00823280e+03
