  1.00000000e+00   0.00000000e+00   0.00000000e+00
  2.00000000e+00   2.00000000e-02   1.11697865e+02
  3.00000000e+00   4.00000000e-02   2.23959972e+02
  4.00000000e+00   6.00000000e-02   3.36411098e+02
  5.00000000e+00   8.00000000e-02   4.49052387e+02
  6.00000000e+00   1.00000000e-01   5.61890218e+02
  7.00000000e+00   1.20000000e-01   6.74935641e+02
  8.00000000e+00   1.40000000e-01   7.88170365e+02
  9.00000000e+00   1.60000000e-01   9.01614313e+02
  1.00000000e+01   1.80000000e-01   1.01524394e+03
  1.10000000e+01   2.00000000e-01   1.12908727e+03
  1.20000000e+01   2.20000000e-01   1.24314168e+03
  1.30000000e+01   2.40000000e-01   1.35740695e+03
  1.40000000e+01   2.60000000e-01   1.47183253e+03
  1.50000000e+01   2.80000000e-01   1.58655174e+03
  1.60000000e+01   3.00000000e-01   1.70140534e+03
  1.70000000e+01   3.20000000e-01   1.81650002e+03
  1.80000000e+01   3.40000000e-01   1.93181454e+03
  1.90000000e+01   3.60000000e-01   2.04734918e+03
  2.00000000e+01   3.80000000e-01   2.16310463e+03
  2.10000000e+01   4.00000000e-01   2.27908188e+03
  2.20000000e+01   4.20000000e-01   2.39528205e+03
  2.30000000e+01   4.40000000e-01   2.51170644e+03
  2.40000000e+01   4.60000000e-01   2.62835638e+03
  2.50000000e+01   4.80000000e-01   2.74523331e+03
  2.60000000e+01   5.00000000e-01   2.86233868e+03
  2.70000000e+01   5.20000000e-01   2.97967399e+03
  2.80000000e+01   5.40000000e-01   3.09724077e+03
  2.90000000e+01   5.60000000e-01   3.21504057e+03
  3.00000000e+01   5.80000000e-01   3.33307495e+03
  3.10000000e+01   6.00000000e-01   3.45134550e+03
  3.20000000e+01   6.20000000e-01   3.56985381e+03
  3.30000000e+01   6.40000000e-01   3.68860149e+03
  3.40000000e+01   6.60000000e-01   3.80759016e+03
  3.50000000e+01   6.80000000e-01   3.92675722e+03
  3.60000000e+01   7.00000000e-01   4.04625803e+03
  3.70000000e+01   7.20000000e-01   4.16591926e+03
  3.80000000e+01   7.40000000e-01   4.28592373e+03
  3.90000000e+01   7.60000000e-01   4.40608248e+03
  4.00000000e+01   7.80000000e-01   4.52649099e+03
  4.10000000e+01   8.00000000e-01   4.64717921e+03
  4.20000000e+01   8.20000000e-01   4.76812724e+03
  4.30000000e+01   8.40000000e-01   4.88933517e+03
  4.40000000e+01   8.60000000e-01   5.01080409e+03
  4.50000000e+01   8.80000000e-01   5.13253525e+03
  4.60000000e+01   9.00000000e-01   5.25452997e+03
  4.70000000e+01   9.20000000e-01   5.37678969e+03
  4.80000000e+01   9.40000000e-01   5.49931587e+03
  4.90000000e+01   9.60000000e-01   5.62211006e+03
  5.00000000e+01   9.80000000e-01   5.74517382e+03
  5.10000000e+01   1.00000000e+00   5.86850878e+03
  5.20000000e+01   1.02000000e+00   5.99211657e+03
  5.30000000e+01   1.04000000e+00   6.11599889e+03
  5.40000000e+01   1.06000000e+00   6.24015741e+03
  5.50000000e+01   1.08000000e+00   6.36459385e+03
  5.60000000e+01   1.10000000e+00   6.48930995e+03
  5.70000000e+01   1.12000000e+00   6.61430746e+03
  5.80000000e+01   1.14000000e+00   6.73958814e+03
  5.90000000e+01   1.16000000e+00   6.86515377e+03
  6.00000000e+01   1.18000000e+00   6.99100613e+03
  6.10000000e+01   1.20000000e+00   7.11714703e+03
  6.20000000e+01   1.22000000e+00   7.24357828e+03
  6.30000000e+01   1.24000000e+00   7.37030170e+03
  6.40000000e+01   1.26000000e+00   7.49731912e+03
  6.50000000e+01   1.28000000e+00   7.62463239e+03
  6.60000000e+01   1.30000000e+00   7.75224335e+03
  6.70000000e+01   1.32000000e+00   7.88015387e+03
  6.80000000e+01   1.34000000e+00   8.00836581e+03
  6.90000000e+01   1.36000000e+00   8.13688106e+03
  7.00000000e+01   1.38000000e+00   8.26570150e+03
  7.10000000e+01   1.40000000e+00   8.39482903e+03
  7.20000000e+01   1.42000000e+00   8.52426556e+03
  7.30000000e+01   1.44000000e+00   8.65401300e+03
  7.40000000e+01   1.46000000e+00   8.78407328e+03
  7.50000000e+01   1.48000000e+00   8.91444833e+03
  7.60000000e+01   1.50000000e+00   9.04514009e+03
  7.70000000e+01   1.52000000e+00   9.17615051e+03
  7.80000000e+01   1.54000000e+00   9.30748155e+03
  7.90000000e+01   1.56000000e+00   9.43913519e+03
  8.00000000e+01   1.58000000e+00   9.57111340e+03
  8.10000000e+01   1.60000000e+00   9.70341817e+03
  8.20000000e+01   1.62000000e+00   9.83605149e+03
  8.30000000e+01   1.64000000e+00   9.96901538e+03
  8.40000000e+01   1.66000000e+00   1.01023118e+04
  8.50000000e+01   1.68000000e+00   1.02359429e+04
  8.60000000e+01   1.70000000e+00   1.03699106e+04
  8.70000000e+01   1.72000000e+00   1.03502511e+04
  8.80000000e+01   1.74000000e+00   1.02562334e+04
  8.90000000e+01   1.76000000e+00   1.01638016e+04
  9.00000000e+01   1.78000000e+00   1.00723641e+04
  9.10000000e+01   1.80000000e+00   9.98420735e+03
  9.20000000e+01   1.82000000e+00   9.89670741e+03
  9.30000000e+01   1.84000000e+00   9.81039073e+03
  9.40000000e+01   1.86000000e+00   9.72747814e+03
  9.50000000e+01   1.88000000e+00   9.64502821e+03
  9.60000000e+01   1.90000000e+00   9.56350765e+03
  9.70000000e+01   1.92000000e+00   9.48305695e+03
  9.80000000e+01   1.94000000e+00   9.40578264e+03
  9.90000000e+01   1.96000000e+00   9.32869152e+03
  1.00000000e+02   1.98000000e+00   9.25216852e+03
  1.01000000e+02   2.00000000e+00   9.17634292e+03
  1.02000000e+02   2.02000000e+00   9.10124798e+03
  1.03000000e+02   2.04000000e+00   9.02936186e+03
  1.04000000e+02   2.06000000e+00   8.95442142e+03
  1.05000000e+02   2.08000000e+00   8.88337171e+03
  1.06000000e+02   2.10000000e+00   8.81189158e+03
  1.07000000e+02   2.12000000e+00   8.74055714e+03
  1.08000000e+02   2.14000000e+00   8.66945469e+03
  1.09000000e+02   2.16000000e+00   8.59882695e+03
  1.10000000e+02   2.18000000e+00   8.52935142e+03
  1.11000000e+02   2.20000000e+00   8.45830691e+03
  1.12000000e+02   2.22000000e+00   8.38900014e+03
  1.13000000e+02   2.24000000e+00   8.31933355e+03
  1.14000000e+02   2.26000000e+00   8.24941103e+03
  1.15000000e+02   2.28000000e+00   8.17924647e+03
  1.16000000e+02   2.30000000e+00   8.10881856e+03
  1.17000000e+02   2.32000000e+00   8.03808655e+03
  1.18000000e+02   2.34000000e+00   7.96699739e+03
  1.19000000e+02   2.36000000e+00   7.89548889e+03
  1.20000000e+02   2.38000000e+00   7.82349128e+03
  1.21000000e+02   2.40000000e+00   7.75092801e+03
  1.22000000e+02   2.42000000e+00   7.67771597e+03
  1.23000000e+02   2.44000000e+00   7.60376558e+03
  1.24000000e+02   2.46000000e+00   7.52898053e+03
  1.25000000e+02   2.48000000e+00   7.45325744e+03
  1.26000000e+02   2.50000000e+00   7.37648525e+03
  1.27000000e+02   2.52000000e+00   7.29854450e+03
  1.28000000e+02   2.54000000e+00   7.21930637e+03
  1.29000000e+02   2.56000000e+00   7.13863155e+03
  1.30000000e+02   2.58000000e+00   7.05636884e+03
  1.31000000e+02   2.60000000e+00   6.97235346e+03
  1.32000000e+02   2.62000000e+00   6.88640505e+03
  1.33000000e+02   2.64000000e+00   6.81301735e+03
  1.34000000e+02   2.66000000e+00   6.72368568e+03
  1.35000000e+02   2.68000000e+00   6.63212093e+03
  1.36000000e+02   2.70000000e+00   6.53813685e+03
  1.37000000e+02   2.72000000e+00   6.44140559e+03
  1.38000000e+02   2.74000000e+00   6.34159580e+03
  1.39000000e+02   2.76000000e+00   6.22338756e+03
  1.40000000e+02   2.78000000e+00   6.11367663e+03
  1.41000000e+02   2.80000000e+00   5.99930875e+03
  1.42000000e+02   2.82000000e+00   5.87970713e+03
  1.43000000e+02   2.84000000e+00   5.75408746e+03
  1.44000000e+02   2.86000000e+00   5.62153440e+03
  1.45000000e+02   2.88000000e+00   5.49864010e+03
  1.46000000e+02   2.90000000e+00   5.35342341e+03
  1.47000000e+02   2.92000000e+00   5.18056043e+03
  1.48000000e+02   2.94000000e+00   5.00830622e+03
  1.49000000e+02   2.96000000e+00   4.83916956e+03
  1.50000000e+02   2.98000000e+00   4.62002755e+03
  1.51000000e+02   3.00000000e+00   4.41050224e+03
  1.52000000e+02   3.02000000e+00   4.15355518e+03
  1.53000000e+02   3.04000000e+00   3.82337860e+03
  1.54000000e+02   3.06000000e+00   3.47006547e+03
