  1.00000000e+00   0.00000000e+00   0.00000000e+00
  2.00000000e+00   1.00000000e-02   5.11009883e+01
  3.00000000e+00   2.00000000e-02   1.02186901e+02
  4.00000000e+00   3.00000000e-02   1.53257733e+02
  5.00000000e+00   4.00000000e-02   2.04313482e+02
  6.00000000e+00   5.00000000e-02   2.55354143e+02
  7.00000000e+00   6.00000000e-02   3.06379714e+02
  8.00000000e+00   7.00000000e-02   3.57390190e+02
  9.00000000e+00   8.00000000e-02   4.08385569e+02
  1.00000000e+01   9.00000000e-02   4.59365846e+02
  1.10000000e+01   1.00000000e-01   5.10331020e+02
  1.20000000e+01   1.10000000e-01   5.61281088e+02
  1.30000000e+01   1.20000000e-01   6.12216046e+02
  1.40000000e+01   1.30000000e-01   6.63135891e+02
  1.50000000e+01   1.40000000e-01   7.14040622e+02
  1.60000000e+01   1.50000000e-01   7.64930236e+02
  1.70000000e+01   1.60000000e-01   8.15804731e+02
  1.80000000e+01   1.70000000e-01   8.66664104e+02
  1.90000000e+01   1.80000000e-01   9.17508354e+02
  2.00000000e+01   1.90000000e-01   9.68337479e+02
  2.10000000e+01   2.00000000e-01   1.01915148e+03
  2.20000000e+01   2.10000000e-01   1.06995034e+03
  2.30000000e+01   2.20000000e-01   1.12073408e+03
  2.40000000e+01   2.30000000e-01   1.17150269e+03
  2.50000000e+01   2.40000000e-01   1.22225616e+03
  2.60000000e+01   2.50000000e-01   1.27299450e+03
  2.70000000e+01   2.60000000e-01   1.32371770e+03
  2.80000000e+01   2.70000000e-01   1.37442576e+03
  2.90000000e+01   2.80000000e-01   1.42511869e+03
  3.00000000e+01   2.90000000e-01   1.47579648e+03
  3.10000000e+01   3.00000000e-01   1.52645913e+03
  3.20000000e+01   3.10000000e-01   1.57710664e+03
  3.30000000e+01   3.20000000e-01   1.62773901e+03
  3.40000000e+01   3.30000000e-01   1.67835623e+03
  3.50000000e+01   3.40000000e-01   1.72895832e+03
  3.60000000e+01   3.50000000e-01   1.77954527e+03
  3.70000000e+01   3.60000000e-01   1.83011707e+03
  3.80000000e+01   3.70000000e-01   1.88067373e+03
  3.90000000e+01   3.80000000e-01   1.93121525e+03
  4.00000000e+01   3.90000000e-01   1.98174163e+03
  4.10000000e+01   4.00000000e-01   2.03225287e+03
  4.20000000e+01   4.10000000e-01   2.08274897e+03
  4.30000000e+01   4.20000000e-01   2.13322992e+03
  4.40000000e+01   4.30000000e-01   2.18369574e+03
  4.50000000e+01   4.40000000e-01   2.23414642e+03
  4.60000000e+01   4.50000000e-01   2.28458196e+03
  4.70000000e+01   4.60000000e-01   2.33500236e+03
  4.80000000e+01   4.70000000e-01   2.38540762e+03
  4.90000000e+01   4.80000000e-01   2.43579775e+03
  5.00000000e+01   4.90000000e-01   2.48617274e+03
  5.10000000e+01   5.00000000e-01   2.53653260e+03
  5.20000000e+01   5.10000000e-01   2.58687733e+03
  5.30000000e+01   5.20000000e-01   2.63720692e+03
  5.40000000e+01   5.30000000e-01   2.68752139e+03
  5.50000000e+01   5.40000000e-01   2.73782072e+03
  5.60000000e+01   5.50000000e-01   2.78810493e+03
  5.70000000e+01   5.60000000e-01   2.83837401e+03
  5.80000000e+01   5.70000000e-01   2.88862797e+03
  5.90000000e+01   5.80000000e-01   2.93886681e+03
  6.00000000e+01   5.90000000e-01   2.98909053e+03
  6.10000000e+01   6.00000000e-01   3.03929913e+03
  6.20000000e+01   6.10000000e-01   3.08949261e+03
  6.30000000e+01   6.20000000e-01   3.13967098e+03
  6.40000000e+01   6.30000000e-01   3.18983423e+03
  6.50000000e+01   6.40000000e-01   3.23998237e+03
  6.60000000e+01   6.50000000e-01   3.29011541e+03
  6.70000000e+01   6.60000000e-01   3.34023334e+03
  6.80000000e+01   6.70000000e-01   3.39033617e+03
  6.90000000e+01   6.80000000e-01   3.44042390e+03
  7.00000000e+01   6.90000000e-01   3.49049653e+03
  7.10000000e+01   7.00000000e-01   3.54055406e+03
  7.20000000e+01   7.10000000e-01   3.59059650e+03
  7.30000000e+01   7.20000000e-01   3.64062385e+03
  7.40000000e+01   7.30000000e-01   3.69063611e+03
  7.50000000e+01   7.40000000e-01   3.74063329e+03
  7.60000000e+01   7.50000000e-01   3.79061538e+03
  7.70000000e+01   7.60000000e-01   3.84058240e+03
  7.80000000e+01   7.70000000e-01   3.89053434e+03
  7.90000000e+01   7.80000000e-01   3.94047120e+03
  8.00000000e+01   7.90000000e-01   3.99039300e+03
  8.10000000e+01   8.00000000e-01   4.04029973e+03
  8.20000000e+01   8.10000000e-01   4.09019140e+03
  8.30000000e+01   8.20000000e-01   4.14006801e+03
  8.40000000e+01   8.30000000e-01   4.18992956e+03
  8.50000000e+01   8.40000000e-01   4.23977606e+03
  8.60000000e+01   8.50000000e-01   4.28960751e+03
  8.70000000e+01   8.60000000e-01   4.33942391e+03
  8.80000000e+01   8.70000000e-01   4.38922527e+03
  8.90000000e+01   8.80000000e-01   4.43901159e+03
  9.00000000e+01   8.90000000e-01   4.48878288e+03
  9.10000000e+01   9.00000000e-01   4.53853913e+03
  9.20000000e+01   9.10000000e-01   4.58828036e+03
  9.30000000e+01   9.20000000e-01   4.63800656e+03
  9.40000000e+01   9.30000000e-01   4.68771775e+03
  9.50000000e+01   9.40000000e-01   4.73741392e+03
  9.60000000e+01   9.50000000e-01   4.78709507e+03
  9.70000000e+01   9.60000000e-01   4.83676122e+03
  9.80000000e+01   9.70000000e-01   4.88641237e+03
  9.90000000e+01   9.80000000e-01   4.93604851e+03
  1.00000000e+02   9.90000000e-01   4.98566967e+03
  1.01000000e+02   1.00000000e+00   5.03527583e+03
  1.02000000e+02   1.01000000e+00   5.08486700e+03
  1.03000000e+02   1.02000000e+00   5.13444319e+03
  1.04000000e+02   1.03000000e+00   5.18400440e+03
  1.05000000e+02   1.04000000e+00   5.23355064e+03
  1.06000000e+02   1.05000000e+00   5.28308191e+03
  1.07000000e+02   1.06000000e+00   5.33259822e+03
  1.08000000e+02   1.07000000e+00   5.38209957e+03
  1.09000000e+02   1.08000000e+00   5.43158596e+03
  1.10000000e+02   1.09000000e+00   5.48105740e+03
  1.11000000e+02   1.10000000e+00   5.53051390e+03
  1.12000000e+02   1.11000000e+00   5.57995545e+03
  1.13000000e+02   1.12000000e+00   5.62938207e+03
  1.14000000e+02   1.13000000e+00   5.67879375e+03
  1.15000000e+02   1.14000000e+00   5.72819052e+03
  1.16000000e+02   1.15000000e+00   5.77757235e+03
  1.17000000e+02   1.16000000e+00   5.82693928e+03
  1.18000000e+02   1.17000000e+00   5.87629129e+03
  1.19000000e+02   1.18000000e+00   5.92562839e+03
  1.20000000e+02   1.19000000e+00   5.97495059e+03
  1.21000000e+02   1.20000000e+00   6.02425790e+03
  1.22000000e+02   1.21000000e+00   6.07355031e+03
  1.23000000e+02   1.22000000e+00   6.12282784e+03
  1.24000000e+02   1.23000000e+00   6.17209049e+03
  1.25000000e+02   1.24000000e+00   6.22133826e+03
  1.26000000e+02   1.25000000e+00   6.27057116e+03
  1.27000000e+02   1.26000000e+00   6.31978919e+03
  1.28000000e+02   1.27000000e+00   6.36899237e+03
  1.29000000e+02   1.28000000e+00   6.41818069e+03
  1.30000000e+02   1.29000000e+00   6.46735417e+03
  1.31000000e+02   1.30000000e+00   6.51651280e+03
  1.32000000e+02   1.31000000e+00   6.56565659e+03
  1.33000000e+02   1.32000000e+00   6.61478555e+03
  1.34000000e+02   1.33000000e+00   6.66389968e+03
  1.35000000e+02   1.34000000e+00   6.71299899e+03
  1.36000000e+02   1.35000000e+00   6.76208349e+03
  1.37000000e+02   1.36000000e+00   6.81115318e+03
  1.38000000e+02   1.37000000e+00   6.86020806e+03
  1.39000000e+02   1.38000000e+00   6.90924814e+03
  1.40000000e+02   1.39000000e+00   6.95827344e+03
  1.41000000e+02   1.40000000e+00   7.00728394e+03
  1.42000000e+02   1.41000000e+00   7.05627966e+03
  1.43000000e+02   1.42000000e+00   7.10526061e+03
  1.44000000e+02   1.43000000e+00   7.15422679e+03
  1.45000000e+02   1.44000000e+00   7.20317821e+03
  1.46000000e+02   1.45000000e+00   7.25211487e+03
  1.47000000e+02   1.46000000e+00   7.30103677e+03
  1.48000000e+02   1.47000000e+00   7.34994394e+03
  1.49000000e+02   1.48000000e+00   7.39883636e+03
  1.50000000e+02   1.49000000e+00   7.44771405e+03
  1.51000000e+02   1.50000000e+00   7.49657701e+03
  1.52000000e+02   1.51000000e+00   7.54542525e+03
  1.53000000e+02   1.52000000e+00   7.59425877e+03
  1.54000000e+02   1.53000000e+00   7.64307759e+03
  1.55000000e+02   1.54000000e+00   7.69188171e+03
  1.56000000e+02   1.55000000e+00   7.74067112e+03
  1.57000000e+02   1.56000000e+00   7.78944585e+03
  1.58000000e+02   1.57000000e+00   7.83820589e+03
  1.59000000e+02   1.58000000e+00   7.88695126e+03
  1.60000000e+02   1.59000000e+00   7.93568195e+03
  1.61000000e+02   1.60000000e+00   7.98439798e+03
  1.62000000e+02   1.61000000e+00   8.03309935e+03
  1.63000000e+02   1.62000000e+00   8.08178607e+03
  1.64000000e+02   1.63000000e+00   8.13045814e+03
  1.65000000e+02   1.64000000e+00   8.17911558e+03
  1.66000000e+02   1.65000000e+00   8.22775838e+03
  1.67000000e+02   1.66000000e+00   8.27638655e+03
  1.68000000e+02   1.67000000e+00   8.32500010e+03
  1.69000000e+02   1.68000000e+00   8.37359904e+03
  1.70000000e+02   1.69000000e+00   8.42218337e+03
  1.71000000e+02   1.70000000e+00   8.47075311e+03
  1.72000000e+02   1.71000000e+00   8.51930825e+03
  1.73000000e+02   1.72000000e+00   8.56784880e+03
  1.74000000e+02   1.73000000e+00   8.61637477e+03
  1.75000000e+02   1.74000000e+00   8.66488617e+03
  1.76000000e+02   1.75000000e+00   8.71338300e+03
  1.77000000e+02   1.76000000e+00   8.76186527e+03
  1.78000000e+02   1.77000000e+00   8.81033298e+03
  1.79000000e+02   1.78000000e+00   8.85878615e+03
  1.80000000e+02   1.79000000e+00   8.90722478e+03
  1.81000000e+02   1.80000000e+00   8.95564887e+03
  1.82000000e+02   1.81000000e+00   9.00405844e+03
  1.83000000e+02   1.82000000e+00   9.05245349e+03
  1.84000000e+02   1.83000000e+00   9.10083403e+03
  1.85000000e+02   1.84000000e+00   9.14920006e+03
  1.86000000e+02   1.85000000e+00   9.19755159e+03
  1.87000000e+02   1.86000000e+00   9.24588862e+03
  1.88000000e+02   1.87000000e+00   9.29421118e+03
  1.89000000e+02   1.88000000e+00   9.34251925e+03
  1.90000000e+02   1.89000000e+00   9.39081285e+03
  1.91000000e+02   1.90000000e+00   9.43909199e+03
  1.92000000e+02   1.91000000e+00   9.40798937e+03
  1.93000000e+02   1.92000000e+00   9.45585197e+03
  1.94000000e+02   1.93000000e+00   9.50370042e+03
  1.95000000e+02   1.94000000e+00   9.55153475e+03
  1.96000000e+02   1.95000000e+00   9.59935494e+03
  1.97000000e+02   1.96000000e+00   9.64716102e+03
  1.98000000e+02   1.97000000e+00   6.79445375e-12
