  1.00000000e+00   0.00000000e+00   0.00000000e+00
  2.00000000e+00   1.00000000e-01   7.95769376e+02
  3.00000000e+00   2.00000000e-01   1.59643656e+03
  4.00000000e+00   3.00000000e-01   2.40201044e+03
  5.00000000e+00   4.00000000e-01   3.21249989e+03
  6.00000000e+00   5.00000000e-01   4.02791379e+03
  7.00000000e+00   6.00000000e-01   4.84826101e+03
  8.00000000e+00   7.00000000e-01   5.67355042e+03
  9.00000000e+00   8.00000000e-01   6.50379089e+03
  1.00000000e+01   9.00000000e-01   7.33899127e+03
  1.10000000e+01   1.00000000e+00   8.17916043e+03
  1.20000000e+01   1.10000000e+00   9.02430722e+03
  1.30000000e+01   1.20000000e+00   9.87444049e+03
  1.40000000e+01   1.30000000e+00   1.07295691e+04
  1.50000000e+01   1.40000000e+00   1.15897019e+04
  1.60000000e+01   1.50000000e+00   1.24548476e+04
  1.70000000e+01   1.60000000e+00   1.33250153e+04
  1.80000000e+01   1.70000000e+00   1.46576311e+04
  1.90000000e+01   1.80000000e+00   1.61606407e+04
  2.00000000e+01   1.90000000e+00   1.76779456e+04
  2.10000000e+01   2.00000000e+00   1.92096709e+04
  2.20000000e+01   2.10000000e+00   2.07559436e+04
  2.30000000e+01   2.20000000e+00   2.23168928e+04
  2.40000000e+01   2.30000000e+00   2.38926494e+04
  2.50000000e+01   2.40000000e+00   2.54833469e+04
  2.60000000e+01   2.50000000e+00   2.70891205e+04
  2.70000000e+01   2.60000000e+00   2.87101079e+04
  2.80000000e+01   2.70000000e+00   3.03464489e+04
  2.90000000e+01   2.80000000e+00   3.19982855e+04
  3.00000000e+01   2.90000000e+00   3.36657624e+04
  3.10000000e+01   3.00000000e+00   3.53490262e+04
  3.20000000e+01   3.10000000e+00   3.70482262e+04
  3.30000000e+01   3.20000000e+00   3.87635142e+04
  3.40000000e+01   3.30000000e+00   4.04950444e+04
  3.50000000e+01   3.40000000e+00   4.22429737e+04
  3.60000000e+01   3.50000000e+00   4.40074614e+04
  3.70000000e+01   3.60000000e+00   4.57886698e+04
  3.80000000e+01   3.70000000e+00   4.75867637e+04
  3.90000000e+01   3.80000000e+00   4.94019108e+04
  4.00000000e+01   3.90000000e+00   5.12342816e+04
  4.10000000e+01   4.00000000e+00   5.30840494e+04
  4.20000000e+01   4.10000000e+00   5.49513908e+04
  4.30000000e+01   4.20000000e+00   5.68364850e+04
  4.40000000e+01   4.30000000e+00   5.87395147e+04
  4.50000000e+01   4.40000000e+00   6.06606654e+04
  4.60000000e+01   4.50000000e+00   6.26001259e+04
  4.70000000e+01   4.60000000e+00   6.45580886e+04
  4.80000000e+01   4.70000000e+00   6.65347488e+04
  4.90000000e+01   4.80000000e+00   6.85303054e+04
  5.00000000e+01   4.90000000e+00   7.05449609e+04
  5.10000000e+01   5.00000000e+00   7.25789213e+04
  5.20000000e+01   5.10000000e+00   7.46323962e+04
  5.30000000e+01   5.20000000e+00   7.67055989e+04
  5.40000000e+01   5.30000000e+00   7.87987465e+04
  5.50000000e+01   5.40000000e+00   8.09120601e+04
  5.60000000e+01   5.50000000e+00   8.30457646e+04
  5.70000000e+01   5.60000000e+00   8.52000889e+04
  5.80000000e+01   5.70000000e+00   8.73752663e+04
  5.90000000e+01   5.80000000e+00   8.95715340e+04
  6.00000000e+01   5.90000000e+00   9.17891338e+04
  6.10000000e+01   6.00000000e+00   9.40283115e+04
  6.20000000e+01   6.10000000e+00   9.62893178e+04
  6.30000000e+01   6.20000000e+00   9.85724078e+04
  6.40000000e+01   6.30000000e+00   1.00877841e+05
  6.50000000e+01   6.40000000e+00   1.03205883e+05
  6.60000000e+01   6.50000000e+00   1.05556802e+05
  6.70000000e+01   6.60000000e+00   1.07930873e+05
  6.80000000e+01   6.70000000e+00   1.10328375e+05
  6.90000000e+01   6.80000000e+00   1.12749594e+05
  7.00000000e+01   6.90000000e+00   1.15194820e+05
  7.10000000e+01   7.00000000e+00   1.17664347e+05
  7.20000000e+01   7.10000000e+00   1.20158478e+05
  7.30000000e+01   7.20000000e+00   1.22677519e+05
  7.40000000e+01   7.30000000e+00   1.25221782e+05
  7.50000000e+01   7.40000000e+00   1.27791587e+05
  7.60000000e+01   7.50000000e+00   1.30387257e+05
  7.70000000e+01   7.60000000e+00   1.33009124e+05
  7.80000000e+01   7.70000000e+00   1.35657526e+05
  7.90000000e+01   7.80000000e+00   1.38332805e+05
  8.00000000e+01   7.90000000e+00   1.41035312e+05
  8.10000000e+01   8.00000000e+00   1.43765405e+05
  8.20000000e+01   8.10000000e+00   1.46523447e+05
  8.30000000e+01   8.20000000e+00   1.49309810e+05
  8.40000000e+01   8.30000000e+00   1.52124872e+05
  8.50000000e+01   8.40000000e+00   1.54969018e+05
  8.60000000e+01   8.50000000e+00   1.57842644e+05
  8.70000000e+01   8.60000000e+00   1.60746149e+05
  8.80000000e+01   8.70000000e+00   1.63679943e+05
  8.90000000e+01   8.80000000e+00   1.66644443e+05
  9.00000000e+01   8.90000000e+00   1.69640076e+05
  9.10000000e+01   9.00000000e+00   1.72667275e+05
  9.20000000e+01   9.10000000e+00   1.75726482e+05
  9.30000000e+01   9.20000000e+00   1.78818151e+05
  9.40000000e+01   9.30000000e+00   1.81942742e+05
  9.50000000e+01   9.40000000e+00   1.85100725e+05
  9.60000000e+01   9.50000000e+00   1.88292580e+05
  9.70000000e+01   9.60000000e+00   1.91518797e+05
  9.80000000e+01   9.70000000e+00   1.94779875e+05
  9.90000000e+01   9.80000000e+00   1.98076325e+05
  1.00000000e+02   9.90000000e+00   2.01408666e+05
  1.01000000e+02   1.00000000e+01   2.04777430e+05
  1.02000000e+02   1.01000000e+01   2.08183159e+05
  1.03000000e+02   1.02000000e+01   2.11626407e+05
  1.04000000e+02   1.03000000e+01   2.15107738e+05
  1.05000000e+02   1.04000000e+01   2.18627729e+05
  1.06000000e+02   1.05000000e+01   2.22186970e+05
  1.07000000e+02   1.06000000e+01   2.25786060e+05
  1.08000000e+02   1.07000000e+01   2.29425615e+05
  1.09000000e+02   1.08000000e+01   2.33106262e+05
  1.10000000e+02   1.09000000e+01   2.36828640e+05
  1.11000000e+02   1.10000000e+01   2.40593404e+05
  1.12000000e+02   1.11000000e+01   2.44401222e+05
  1.13000000e+02   1.12000000e+01   2.48252776e+05
  1.14000000e+02   1.13000000e+01   2.52148764e+05
  1.15000000e+02   1.14000000e+01   2.56089896e+05
  1.16000000e+02   1.15000000e+01   2.60076901e+05
  1.17000000e+02   1.16000000e+01   2.64110523e+05
  1.18000000e+02   1.17000000e+01   2.68191520e+05
  1.19000000e+02   1.18000000e+01   2.72320669e+05
  1.20000000e+02   1.19000000e+01   2.76498763e+05
  1.21000000e+02   1.20000000e+01   2.80726613e+05
  1.22000000e+02   1.21000000e+01   2.85005048e+05
  1.23000000e+02   1.22000000e+01   2.89334915e+05
  1.24000000e+02   1.23000000e+01   2.93717080e+05
  1.25000000e+02   1.24000000e+01   2.98152427e+05
  1.26000000e+02   1.25000000e+01   3.02641862e+05
  1.27000000e+02   1.26000000e+01   3.07186311e+05
  1.28000000e+02   1.27000000e+01   3.11786720e+05
  1.29000000e+02   1.28000000e+01   3.16444056e+05
  1.30000000e+02   1.29000000e+01   3.21159310e+05
  1.31000000e+02   1.30000000e+01   3.25933493e+05
  1.32000000e+02   1.31000000e+01   3.30767641e+05
  1.33000000e+02   1.32000000e+01   3.35662813e+05
  1.34000000e+02   1.33000000e+01   3.40620093e+05
  1.35000000e+02   1.34000000e+01   3.45640589e+05
  1.36000000e+02   1.35000000e+01   3.50725436e+05
  1.37000000e+02   1.36000000e+01   3.55875793e+05
  1.38000000e+02   1.37000000e+01   0.00000000e+00
  1.39000000e+02   1.38000000e+01   0.00000000e+00
  1.40000000e+02   1.39000000e+01   0.00000000e+00
  1.41000000e+02   1.40000000e+01   0.00000000e+00
  1.42000000e+02   1.41000000e+01   0.00000000e+00
  1.43000000e+02   1.42000000e+01   0.00000000e+00
  1.44000000e+02   1.43000000e+01   0.00000000e+00
  1.45000000e+02   1.44000000e+01   0.00000000e+00
  1.46000000e+02   1.45000000e+01   0.00000000e+00
  1.47000000e+02   1.46000000e+01   0.00000000e+00
  1.48000000e+02   1.47000000e+01   0.00000000e+00
  1.49000000e+02   1.48000000e+01   0.00000000e+00
  1.50000000e+02   1.49000000e+01   0.00000000e+00
  1.51000000e+02   1.50000000e+01   0.00000000e+00
  1.52000000e+02   1.51000000e+01   0.00000000e+00
  1.53000000e+02   1.52000000e+01   0.00000000e+00
  1.54000000e+02   1.53000000e+01   0.00000000e+00
  1.55000000e+02   1.54000000e+01   0.00000000e+00
